name = CHARA
lat = 34.2243836944
lon = -118.0570313111
alt = 1731.264
coord = 1
throughput = 0.08
wind_speed = 6.95
r0 = 0.078
ntel = 6

tel_names = S1 S2 E1 E2 W1 W2
sta_names = 0 1 2 3 4 5
tel_diams = 1.00 1.00 1.00 1.00 1.00 1.00
tel_gain = 1.00 1.00 1.00 1.00 1.00 1.00
sta_index = 0 1 2 3 4 5
sta_xyz = 0 0 0 33.585327515 -5.744414576 0.634532856 305.9284973 125.3331333 -5.9190997 269.7146871 70.3891451 -2.8025644 216.3272464 -175.0684101 -10.7975261 199.3424346 -69.0845925 0.4706086
