combiner = "SPICA"
mode = "LR"
6.142E-07  3.6E-09
6.178E-07  3.6E-09
6.214E-07  3.6E-09
6.250E-07  3.6E-09
6.287E-07  3.7E-09
6.323E-07  3.7E-09
6.360E-07  3.7E-09
6.396E-07  3.7E-09
6.433E-07  3.7E-09
6.470E-07  3.7E-09
6.508E-07  3.8E-09
6.545E-07  3.8E-09
6.583E-07  3.8E-09
6.622E-07  3.8E-09
6.660E-07  3.9E-09
6.699E-07  3.9E-09
6.738E-07  3.9E-09
6.778E-07  4.0E-09
6.818E-07  4.0E-09
6.858E-07  4.1E-09
6.899E-07  4.1E-09
6.941E-07  4.2E-09
6.982E-07  4.2E-09
7.025E-07  4.3E-09
7.068E-07  4.3E-09
7.111E-07  4.4E-09
7.155E-07  4.4E-09
7.200E-07  4.5E-09
7.245E-07  4.6E-09
7.291E-07  4.6E-09
7.337E-07  4.7E-09
7.385E-07  4.8E-09
7.433E-07  4.8E-09
7.481E-07  4.9E-09
7.531E-07  5.0E-09
7.581E-07  5.1E-09
7.632E-07  5.1E-09
7.684E-07  5.2E-09
7.736E-07  5.3E-09
7.790E-07  5.4E-09
7.844E-07  5.5E-09
7.900E-07  5.6E-09
7.956E-07  5.7E-09
8.013E-07  5.8E-09
8.071E-07  5.9E-09
8.130E-07  6.0E-09
8.190E-07  6.1E-09
8.252E-07  6.2E-09
8.314E-07  6.3E-09
8.377E-07  6.4E-09
8.442E-07  6.5E-09
8.507E-07  6.6E-09
8.574E-07  6.7E-09
8.642E-07  6.8E-09
8.711E-07  7.0E-09
8.781E-07  7.1E-09
8.852E-07  7.2E-09
8.925E-07  7.3E-09
8.999E-07  7.4E-09
